4294967279,70
4294967279,69
4294967279,68
4294967279,67
4294967279,66
4294967278,386
4294967294,588
4294967279,252
4294967279,79
4294967279,78
4294967279,77
4294967279,76
4294967279,75
4294967279,74
4294967279,73
4294967279,72
4294967279,71
4294967279,251
4294967278,249
4294967279,247
4294967279,245
4294967278,243
4294967279,243
4294967279,241
4294967279,90
4294967279,89
4294967279,87
4294967279,86
4294967279,85
4294967279,84
4294967279,83
4294967279,82
4294967279,81
4294967279,80
4294967278,239
4294967279,451
4294967279,239
4294967278,385
4294967278,235
4294967279,235
4294967278,233
4294967279,233
4294967278,231
4294967279,231
4294967278,229
4294967279,229
4294967278,227
4294967279,227
4294967278,384
4294967279,225
4294967279,260
4294967279,174
4294967279,94
4294967279,93
4294967279,92
4294967279,91
4294967279,223
4294967279,221
4294967279,219
4294967278,217
4294967279,217
4294967279,215
4294967279,450
4294967279,449
4294967278,273
4294967279,98
4294967279,95
4294967279,96
4294967279,97
4294967278,383
4294967278,382
4294967279,448
4294967278,381
4294967279,447
4294967278,380
4294967279,446
4294967278,379
4294967279,445
4294967279,100
4294967279,99
4294967278,378
4294967278,377
4294967278,376
4294967279,444
4294967278,375
4294967279,443
4294967279,101
4294967278,374
4294967279,442
4294967278,373
4294967279,441
4294967278,372
4294967278,371
4294967279,440
4294967279,103
4294967279,102
4294967278,370
4294967279,439
4294967278,369
4294967279,438
4294967278,368
4294967279,437
4294967278,367
4294967279,108
4294967279,107
4294967279,106
4294967279,105
4294967279,104
4294967279,436
4294967278,366
4294967279,435
4294967279,434
4294967278,365
4294967279,433
4294967278,364
4294967279,432
4294967279,431
4294967279,119
4294967279,118
4294967279,117
4294967279,116
4294967279,115
4294967279,114
4294967279,113
4294967279,112
4294967279,111
4294967279,110
4294967279,109
4294967278,363
4294967278,362
4294967279,430
4294967279,429
4294967278,361
4294967278,360
4294967279,428
4294967278,26
4294967278,24
4294967278,23
4294967278,22
4294967278,21
4294967278,18
4294967278,17
4294967278,16
4294967278,15
4294967278,14
4294967278,13
4294967278,12
4294967278,11
4294967278,10
4294967278,9
4294967278,8
4294967278,7
4294967278,6
4294967278,5
4294967278,4
4294967279,132
4294967279,131
4294967279,130
4294967279,129
4294967279,128
4294967279,127
4294967279,126
4294967279,125
4294967279,124
4294967279,123
4294967279,122
4294967279,121
4294967279,120
4294967279,427
4294967278,359
4294967279,426
4294967278,358
4294967279,425
4294967278,357
4294967294,470
4294967278,356
4294967278,145
4294967279,424
4294967278,355
4294967278,32
4294967278,144
4294967279,423
4294967278,354
4294967278,31
4294967278,30
4294967278,142
4294967279,422
4294967278,29
4294967278,141
4294967278,28
4294967278,20
4294967294,176
4294967294,986
4294967294,185
4294967294,977
4294967294,438
4294967278,27
4294967279,138
4294967278,25
4294967278,137
4294967279,137
4294967278,136
4294967279,136
4294967278,135
4294967278,272
4294967279,135
32,6
4294967278,134
32,5
4294967279,133
32,4
4294967278,133
32,3
32,2
32,1
4294967278,284
4294967279,421
4294967278,353
4294967278,19
4294967278,124
4294967278,123
4294967278,122
4294967278,120
4294967278,117
4294967278,115
4294967278,113
4294967278,112
4294967278,111
4294967278,110
4294967278,109
4294967278,108
4294967278,103
4294967278,101
4294967278,100
4294967278,99
4294967278,98
4294967278,94
4294967278,92
4294967278,91
4294967278,90
4294967278,89
4294967278,86
4294967278,83
4294967278,81
4294967278,79
4294967278,78
4294967278,77
4294967278,76
4294967278,75
4294967278,74
4294967278,70
4294967278,69
4294967278,68
4294967278,67
4294967278,66
4294967278,63
4294967278,62
4294967278,59
4294967278,58
4294967278,57
4294967278,55
4294967278,54
4294967278,50
4294967278,49
4294967278,45
4294967278,44
4294967278,40
4294967278,39
4294967278,38
4294967278,37
4294967278,36
4294967278,35
4294967278,34
4294967278,33
4294967279,25
4294967279,23
4294967279,22
4294967279,21
4294967279,20
4294967279,19
4294967279,18
4294967279,15
4294967279,14
4294967279,13
4294967279,11
4294967279,8
4294967279,6
4294967279,5
4294967279,4
4294967279,17
4294967279,272
4294967294,409
4294967294,395
4294967294,466
4294967294,118
4294967294,189
4294967294,456
4294967294,386
4294967294,175
4294967294,388
4294967279,289
4294967279,16
4294967294,393
4294967294,389
4294967294,114
4294967294,115
4294967279,420
4294967294,975
4294967294,29
4294967279,288
4294967294,1019
4294967279,12
4294967279,286
31,5
4294967294,41
4294967279,10
4294967294,43
4294967294,45
4294967294,430
4294967294,44
4294967294,53
4294967294,51
4294967294,52
4294967279,419
4294967279,9
4294967278,352
4294967279,418
4294967279,7
4294967279,284
4294967279,259
4294967278,351
31,4
4294967279,258
31,3
31,2
31,1
4294967279,417
4294967278,350
4294967278,132
4294967278,349
4294967278,348
4294967278,131
4294967278,130
4294967279,416
4294967278,129
4294967294,87
4294967294,85
4294967294,84
4294967278,256
4294967279,415
4294967294,91
4294967294,88
4294967278,347
4294967278,128
4294967278,126
4294967278,255
4294967278,346
4294967278,127
4294967279,414
4294967279,413
4294967278,345
4294967278,125
4294967294,104
4294967294,106
4294967279,412
4294967278,121
4294967278,253
4294967294,186
30,4
4294967278,252
30,3
30,2
30,1
4294967278,251
4294967278,250
4294967279,411
